7.093444824218750000e+02
5.813184814453125000e+02
5.032366943359375000e+02
5.137569580078125000e+02
4.743309631347656250e+02
4.731064758300781250e+02
4.632424621582031250e+02
4.637022399902343750e+02
4.709395446777343750e+02
4.344401550292968750e+02
4.583195495605468750e+02
4.380675659179687500e+02
4.283088378906250000e+02
4.084232177734375000e+02
4.010172729492187500e+02
3.900347595214843750e+02
3.912611694335937500e+02
3.872099609375000000e+02
3.484570922851562500e+02
3.433421325683593750e+02
3.260933532714843750e+02
3.073426513671875000e+02
2.911371459960937500e+02
2.639790344238281250e+02
2.574010314941406250e+02
2.391521453857421875e+02
2.308227081298828125e+02
2.292866363525390625e+02
2.088348846435546875e+02
1.980626373291015625e+02
1.820662994384765625e+02
1.758088989257812500e+02
1.660968780517578125e+02
1.559283142089843750e+02
1.596421356201171875e+02
1.460305023193359375e+02
1.410045318603515625e+02
1.305198211669921875e+02
1.208381423950195312e+02
1.202318725585937500e+02
1.081610794067382812e+02
1.049672546386718750e+02
1.018139724731445312e+02
9.627488708496093750e+01
1.000930633544921875e+02
9.344913482666015625e+01
8.427082824707031250e+01
8.164231109619140625e+01
8.371592712402343750e+01
8.205236816406250000e+01
7.403968811035156250e+01
7.175523376464843750e+01
6.836415863037109375e+01
6.567735290527343750e+01
6.709284210205078125e+01
8.585655975341796875e+01
5.520928573608398438e+01
5.202047348022460938e+01
5.313291168212890625e+01
6.495143890380859375e+01
6.094572067260742188e+01
5.140723800659179688e+01
4.036499786376953125e+01
4.260583496093750000e+01
4.978066635131835938e+01
4.816452789306640625e+01
4.210078430175781250e+01
4.958817291259765625e+01
4.390840911865234375e+01
3.765309524536132812e+01
3.833631896972656250e+01
4.533538055419921875e+01
4.934189224243164062e+01
3.807330322265625000e+01
3.548640441894531250e+01
3.730532073974609375e+01
3.087959098815917969e+01
3.711896896362304688e+01
3.867487335205078125e+01
3.367938613891601562e+01
