6.961237792968750000e+02
7.285093383789062500e+02
6.271523437500000000e+02
6.024225463867187500e+02
7.330179443359375000e+02
6.136787719726562500e+02
6.097387695312500000e+02
6.767905273437500000e+02
5.504046630859375000e+02
5.082245178222656250e+02
4.824509582519531250e+02
4.575412292480468750e+02
4.638305358886718750e+02
4.758448181152343750e+02
4.350754394531250000e+02
4.480696105957031250e+02
4.389818725585937500e+02
4.328099670410156250e+02
4.308731994628906250e+02
4.228417663574218750e+02
4.135689697265625000e+02
4.176836853027343750e+02
4.130254516601562500e+02
4.067018127441406250e+02
3.973487854003906250e+02
4.073750610351562500e+02
4.063323974609375000e+02
3.987082214355468750e+02
3.956426086425781250e+02
3.919261779785156250e+02
4.016980285644531250e+02
3.915036621093750000e+02
3.967203063964843750e+02
3.890216369628906250e+02
3.878697814941406250e+02
3.887566528320312500e+02
3.841541442871093750e+02
3.711517944335937500e+02
3.684106445312500000e+02
3.682545471191406250e+02
3.746145935058593750e+02
