2.192414000000000000e+06
1.176213375000000000e+06
9.571269375000000000e+05
7.990217500000000000e+05
3.525157500000000000e+05
2.205665000000000000e+05
3.274700312500000000e+05
2.596505000000000000e+05
1.477025781250000000e+05
1.263373984375000000e+05
7.711903906250000000e+04
6.167476953125000000e+04
6.975167968750000000e+04
3.948359765625000000e+04
3.772407421875000000e+04
3.750176171875000000e+04
3.547457031250000000e+04
3.171611718750000000e+04
2.985225000000000000e+04
2.599142382812500000e+04
2.743634570312500000e+04
3.051250000000000000e+04
4.493429687500000000e+04
3.444898046875000000e+04
3.175927734375000000e+04
2.723267187500000000e+04
2.583642382812500000e+04
2.507579882812500000e+04
2.711758789062500000e+04
2.769086132812500000e+04
2.604165625000000000e+04
2.651442382812500000e+04
2.583160351562500000e+04
2.534514648437500000e+04
2.453743750000000000e+04
2.407721679687500000e+04
2.437138085937500000e+04
2.424654687500000000e+04
2.459984960937500000e+04
2.522443554687500000e+04
2.543478710937500000e+04
2.467792968750000000e+04
2.413923828125000000e+04
2.829216992187500000e+04
2.547503125000000000e+04
2.703280078125000000e+04
2.764182812500000000e+04
2.550211523437500000e+04
2.481012109375000000e+04
2.559622265625000000e+04
2.435313867187500000e+04
2.416136718750000000e+04
2.417012890625000000e+04
2.421808007812500000e+04
2.420057226562500000e+04
2.420652343750000000e+04
2.417700976562500000e+04
2.408751171875000000e+04
2.388441601562500000e+04
2.471744335937500000e+04
2.738376757812500000e+04
2.413930859375000000e+04
2.418298046875000000e+04
2.436541015625000000e+04
2.529776367187500000e+04
2.403723046875000000e+04
2.905622265625000000e+04
2.646060351562500000e+04
2.508379101562500000e+04
2.507466992187500000e+04
2.446006835937500000e+04
2.480122460937500000e+04
2.497897460937500000e+04
2.457733593750000000e+04
2.450569531250000000e+04
2.467506250000000000e+04
2.458030078125000000e+04
2.442145117187500000e+04
2.459561328125000000e+04
2.398947460937500000e+04
2.401382226562500000e+04
2.396537304687500000e+04
2.386081835937500000e+04
2.391303906250000000e+04
2.379338671875000000e+04
2.404224609375000000e+04
2.465579882812500000e+04
2.430068945312500000e+04
2.421585937500000000e+04
2.396199804687500000e+04
2.387526953125000000e+04
2.427224023437500000e+04
2.402969335937500000e+04
2.464558203125000000e+04
2.409638867187500000e+04
2.398892187500000000e+04
2.418028906250000000e+04
2.436617578125000000e+04
2.390064453125000000e+04
2.387962304687500000e+04
2.423265234375000000e+04
2.398284179687500000e+04
2.413413476562500000e+04
2.384839453125000000e+04
2.368655273437500000e+04
2.347018554687500000e+04
2.345118164062500000e+04
2.355822851562500000e+04
2.367722851562500000e+04
2.346359375000000000e+04
