2.243207500000000000e+06
9.335180000000000000e+05
7.125449375000000000e+05
1.618706625000000000e+06
1.363231750000000000e+06
1.398818750000000000e+06
1.528367000000000000e+06
1.568823250000000000e+06
1.283782875000000000e+06
5.291974375000000000e+05
6.342661250000000000e+05
4.370179062500000000e+05
3.120893125000000000e+05
1.276188359375000000e+05
1.242231640625000000e+05
9.098793750000000000e+04
4.725458593750000000e+04
4.878222265625000000e+04
4.574362109375000000e+04
3.384376953125000000e+04
2.921486132812500000e+04
2.778033789062500000e+04
2.719522070312500000e+04
2.673912500000000000e+04
2.559116601562500000e+04
2.541913085937500000e+04
2.917073242187500000e+04
3.358209375000000000e+04
2.784047265625000000e+04
2.556642578125000000e+04
2.455332031250000000e+04
2.429165625000000000e+04
2.449687109375000000e+04
2.452923632812500000e+04
2.442890039062500000e+04
2.436108203125000000e+04
2.446515039062500000e+04
2.428236328125000000e+04
2.439841992187500000e+04
2.453643750000000000e+04
2.448401171875000000e+04
2.465910937500000000e+04
2.578156640625000000e+04
2.464186132812500000e+04
2.482699218750000000e+04
2.504965039062500000e+04
2.427174218750000000e+04
2.494833984375000000e+04
2.494743359375000000e+04
2.489051367187500000e+04
2.463873242187500000e+04
2.375040625000000000e+04
2.341425390625000000e+04
2.378613085937500000e+04
2.351498437500000000e+04
2.351800976562500000e+04
2.319325585937500000e+04
2.395100000000000000e+04
2.358405468750000000e+04
2.337140234375000000e+04
2.320045117187500000e+04
2.270707812500000000e+04
2.277526171875000000e+04
2.299078125000000000e+04
3.455363671875000000e+04
1.294707968750000000e+05
5.246861328125000000e+04
3.297794921875000000e+04
3.001010156250000000e+04
2.967520703125000000e+04
2.660974804687500000e+04
2.684704492187500000e+04
3.106706250000000000e+04
3.244616210937500000e+04
2.847965234375000000e+04
2.650965039062500000e+04
2.602373242187500000e+04
2.547357031250000000e+04
2.556753710937500000e+04
2.490525976562500000e+04
2.456451562500000000e+04
2.486430859375000000e+04
2.704970117187500000e+04
2.674031445312500000e+04
2.548962304687500000e+04
2.450087695312500000e+04
2.435894726562500000e+04
2.472919140625000000e+04
2.480361132812500000e+04
2.459205664062500000e+04
2.475072460937500000e+04
2.463325000000000000e+04
2.446525390625000000e+04
2.449693750000000000e+04
2.442039843750000000e+04
2.421789648437500000e+04
2.436952148437500000e+04
2.427418359375000000e+04
2.416767773437500000e+04
2.421336328125000000e+04
2.427775000000000000e+04
2.401199218750000000e+04
2.420957812500000000e+04
2.381471289062500000e+04
2.323772460937500000e+04
2.319249023437500000e+04
2.309874609375000000e+04
2.216776367187500000e+04
2.206976562500000000e+04
2.171643359375000000e+04
2.207903710937500000e+04
2.193123242187500000e+04
2.218740039062500000e+04
2.643358984375000000e+04
2.573419335937500000e+04
6.785254687500000000e+04
5.271435546875000000e+04
2.879658203125000000e+04
2.779169726562500000e+04
2.754116015625000000e+04
2.975190234375000000e+04
4.410682421875000000e+04
3.656583593750000000e+04
3.329799609375000000e+04
2.832555468750000000e+04
2.594258203125000000e+04
2.592130078125000000e+04
2.620610351562500000e+04
2.609335546875000000e+04
2.717118164062500000e+04
