1.707761562500000000e+05
2.227700468750000000e+05
1.033808984375000000e+05
3.471311875000000000e+05
1.899607343750000000e+05
1.210733437500000000e+05
2.864695625000000000e+05
5.304082500000000000e+05
1.567536093750000000e+05
3.900784765625000000e+04
3.229094921875000000e+04
3.780635546875000000e+04
4.676941406250000000e+04
5.108406250000000000e+04
3.496450781250000000e+04
2.722137109375000000e+04
2.602506445312500000e+04
2.545602343750000000e+04
2.656219531250000000e+04
2.851179101562500000e+04
2.759747656250000000e+04
2.783110742187500000e+04
2.607678320312500000e+04
2.713276367187500000e+04
2.876689453125000000e+04
2.744736718750000000e+04
2.759397851562500000e+04
2.670146289062500000e+04
2.486142578125000000e+04
2.568261523437500000e+04
2.478546289062500000e+04
2.486405859375000000e+04
2.442333398437500000e+04
2.423917578125000000e+04
2.468582812500000000e+04
2.406869531250000000e+04
2.415577148437500000e+04
2.454568554687500000e+04
2.441188867187500000e+04
2.476344726562500000e+04
2.456231445312500000e+04
2.447531640625000000e+04
2.694878906250000000e+04
2.504883593750000000e+04
2.464601171875000000e+04
2.437868359375000000e+04
2.517838085937500000e+04
2.596548242187500000e+04
2.520846289062500000e+04
2.385631640625000000e+04
2.396247460937500000e+04
2.547369726562500000e+04
2.351391406250000000e+04
2.361212304687500000e+04
2.466834765625000000e+04
2.467676171875000000e+04
2.365081250000000000e+04
2.238259570312500000e+04
2.314167968750000000e+04
2.263843164062500000e+04
2.288605859375000000e+04
2.262275781250000000e+04
2.263538671875000000e+04
2.223939257812500000e+04
2.197123828125000000e+04
2.269069921875000000e+04
2.308319140625000000e+04
2.271851171875000000e+04
2.206453320312500000e+04
2.218632226562500000e+04
2.243808398437500000e+04
2.167899609375000000e+04
2.170258203125000000e+04
2.202733984375000000e+04
2.195166992187500000e+04
2.207058203125000000e+04
2.187887890625000000e+04
2.189527539062500000e+04
2.338657617187500000e+04
2.153331054687500000e+04
2.159792578125000000e+04
2.341028125000000000e+04
2.844538476562500000e+04
2.325777539062500000e+04
2.098795117187500000e+04
2.164003710937500000e+04
2.192265039062500000e+04
2.175286523437500000e+04
2.075800976562500000e+04
2.018474023437500000e+04
1.994628320312500000e+04
2.121190820312500000e+04
2.068767773437500000e+04
2.105923242187500000e+04
2.019811523437500000e+04
1.974685937500000000e+04
1.999016796875000000e+04
2.005442382812500000e+04
1.973241210937500000e+04
1.933819140625000000e+04
2.005882226562500000e+04
2.232253320312500000e+04
2.043176367187500000e+04
2.112884179687500000e+04
1.985682031250000000e+04
2.046508789062500000e+04
2.039484375000000000e+04
2.138282617187500000e+04
2.099336718750000000e+04
2.067258007812500000e+04
2.181830664062500000e+04
2.155823828125000000e+04
2.410786328125000000e+04
2.154499804687500000e+04
2.373681445312500000e+04
2.112714843750000000e+04
1.949700195312500000e+04
2.090781640625000000e+04
1.918264843750000000e+04
1.951363085937500000e+04
1.838612109375000000e+04
1.957148242187500000e+04
1.924709765625000000e+04
1.997236914062500000e+04
2.239762695312500000e+04
2.465633007812500000e+04
2.165739062500000000e+04
2.147177929687500000e+04
2.306433984375000000e+04
2.070342187500000000e+04
2.116398437500000000e+04
2.136891992187500000e+04
2.074346093750000000e+04
2.694967187500000000e+04
2.508818164062500000e+04
2.123431250000000000e+04
2.333649609375000000e+04
2.026985937500000000e+04
1.911441992187500000e+04
2.079040039062500000e+04
1.957202734375000000e+04
2.033857421875000000e+04
2.123485156250000000e+04
2.217998242187500000e+04
3.162638867187500000e+04
4.024559375000000000e+04
2.972222460937500000e+04
3.440991796875000000e+04
4.733575000000000000e+04
4.689164843750000000e+04
6.054525390625000000e+04
7.668915625000000000e+04
8.198952343750000000e+04
6.407734375000000000e+04
2.982491015625000000e+04
